# sigma        epsilon        charge       dG        uncertainty
4.359999999999999987e-01     4.629299999999999748e+00     1.000000000000000000e+00     -1.154165403306999451e+02     5.686437568627508016e-02
3.154000000000000137e-01     7.568000000000000282e-01     1.000000000000000000e+00     -2.373713268818738982e+02     5.289435294396845760e-02
4.879000000000000004e-01     1.302599999999999980e+00     1.000000000000000000e+00     -6.860881006394643578e+01     5.837461129326304565e-02
2.763999999999999790e-01     2.147600000000000176e+00     1.000000000000000000e+00     -2.749309411001208332e+02     2.710959144866341708e-01
4.601000000000000090e-01     5.593399999999999928e+00     1.000000000000000000e+00     -1.154825888540340912e+02     6.592456367218386959e-02
3.372999999999999887e-01     5.306799999999999962e+00     1.000000000000000000e+00     -1.821071178088269278e+02     5.267433792555790278e-02
3.519999999999999796e-01     3.683199999999999807e+00     1.000000000000000000e+00     -1.643148463810517512e+02     5.141611602231962314e-02
4.698999999999999844e-01     4.136700000000000266e+00     1.000000000000000000e+00     -9.742703341037181985e+01     6.116903630600813851e-02
4.638999999999999790e-01     2.394800000000000040e+00     1.000000000000000000e+00     -8.567483448100905719e+01     5.825882748107708009e-02
3.613999999999999990e-01     3.546699999999999964e+00     1.000000000000000000e+00     -1.555491333689404883e+02     5.128603700450048986e-02
4.556000000000000050e-01     3.351999999999999869e+00     1.000000000000000000e+00     -9.650583960881765222e+01     5.707156663931147594e-02
3.854000000000000203e-01     1.255900000000000016e+00     1.000000000000000000e+00     -1.374290597577272024e+02     4.862616860556790571e-02
4.764999999999999791e-01     3.801000000000000156e+00     1.000000000000000000e+00     -9.163348370889423222e+01     6.444676283028019648e-02
3.395000000000000240e-01     4.479599999999999582e+00     1.000000000000000000e+00     -1.778567005943449431e+02     5.219222592570822716e-02
4.434000000000000163e-01     3.466899999999999871e+00     1.000000000000000000e+00     -1.030008178440746605e+02     5.573569160753213958e-02
3.998999999999999777e-01     5.317700000000000315e+00     1.000000000000000000e+00     -1.374662456207628622e+02     5.445530286223925626e-02
2.562999999999999723e-01     5.883099999999999774e+00     1.000000000000000000e+00     -2.963658510105619825e+02     7.841515882443139684e-01
4.203999999999999959e-01     1.131699999999999928e+00     1.000000000000000000e+00     -1.099048409951555811e+02     4.753348680913312835e-02
3.740999999999999881e-01     1.895299999999999985e+00     1.000000000000000000e+00     -1.440417103299594146e+02     4.991480014612140886e-02
3.297999999999999821e-01     4.741399999999999615e+00     1.000000000000000000e+00     -1.889924923416925822e+02     5.052307334425470281e-02
4.971999999999999753e-01     4.649099999999999788e+00     1.000000000000000000e+00     -9.303275289391852709e+01     7.653762588052366589e-02
3.337999999999999856e-01     1.602400000000000047e+00     1.000000000000000000e+00     -1.927619753199335833e+02     5.217016543296048442e-02
3.822999999999999732e-01     2.021000000000000019e-01     1.000000000000000000e+00     -1.867201738341622956e+02     5.231691486335827979e-02
3.511000000000000232e-01     1.490199999999999969e+00     1.000000000000000000e+00     -1.713490402267784702e+02     5.069701830860319502e-02
4.248000000000000109e-01     3.149300000000000210e+00     1.000000000000000000e+00     -1.104925959012869328e+02     5.303869873595495193e-02
2.921000000000000263e-01     3.297400000000000109e+00     1.000000000000000000e+00     -2.412098536009035854e+02     5.462135036464580568e-02
3.062000000000000277e-01     2.215800000000000214e+00     1.000000000000000000e+00     -2.252880099732519739e+02     5.446658212609766653e-02
4.742000000000000104e-01     3.196400000000000130e+00     1.000000000000000000e+00     -8.685144789485768513e+01     6.251648125902627140e-02
3.589999999999999858e-01     2.830799999999999983e+00     1.000000000000000000e+00     -1.567406444998051711e+02     4.871840871779444665e-02
3.028000000000000136e-01     4.012299999999999756e+00     1.000000000000000000e+00     -2.249828740084797971e+02     5.476792333784497036e-02
3.834000000000000186e-01     2.593199999999999950e+00     1.000000000000000000e+00     -1.355770709774979252e+02     4.959767718969118611e-02
3.620999999999999774e-01     3.439799999999999969e+00     1.000000000000000000e+00     -1.547303697188027911e+02     5.119466779937498213e-02
4.158000000000000029e-01     9.800999999999999712e-01     1.000000000000000000e+00     -1.147998694257443333e+02     4.861622113372041087e-02
4.615000000000000213e-01     2.330000000000000127e-01     1.000000000000000000e+00     -1.047129561139484935e+02     4.826079303414258087e-02
3.574999999999999845e-01     3.472700000000000120e+00     1.000000000000000000e+00     -1.589523027053951409e+02     5.121019840730219042e-02
4.479000000000000203e-01     1.401999999999999913e-01     1.000000000000000000e+00     -1.279618921853950582e+02     4.926834936080525668e-02
4.678999999999999826e-01     3.204099999999999948e+00     1.000000000000000000e+00     -8.964714806126239921e+01     6.144644752888785838e-02
4.445000000000000062e-01     6.522000000000000020e-01     1.000000000000000000e+00     -9.862456778386891187e+01     4.973794684985351211e-02
4.778999999999999915e-01     5.084100000000000286e+00     1.000000000000000000e+00     -1.042350539521969921e+02     6.834886156277179825e-02
3.222999999999999754e-01     1.772699999999999942e+00     1.000000000000000000e+00     -2.067220072279707210e+02     5.221935584497879035e-02
4.218999999999999972e-01     5.546999999999999709e+00     1.000000000000000000e+00     -1.290689268769384626e+02     5.705789478145360805e-02
4.652000000000000024e-01     1.378800000000000026e+00     1.000000000000000000e+00     -8.082815472024319092e+01     5.302968159699167350e-02
3.885000000000000120e-01     4.237300000000000288e+00     1.000000000000000000e+00     -1.375929790667613588e+02     5.226081915146031653e-02
4.704999999999999738e-01     5.850900000000000212e+00     1.000000000000000000e+00     -1.149405632282263383e+02     6.827675285374150416e-02
4.522999999999999798e-01     3.923999999999999932e+00     1.000000000000000000e+00     -1.026585072209159364e+02     5.775750215849516367e-02
4.390999999999999903e-01     5.649300000000000210e+00     1.000000000000000000e+00     -1.231191567810193277e+02     5.941371677185664640e-02
3.417000000000000037e-01     4.415999999999999925e-01     1.000000000000000000e+00     -2.146808125571961625e+02     5.425676098719432044e-02
3.099000000000000088e-01     4.500300000000000189e+00     1.000000000000000000e+00     -2.152911456997392747e+02     5.459986048209002074e-02
4.873000000000000109e-01     5.948199999999999932e+00     1.000000000000000000e+00     -1.111979034234196035e+02     7.567184833378239051e-02
2.756000000000000116e-01     5.241600000000000037e+00     1.000000000000000000e+00     -2.642798649177566404e+02     5.701027247567164863e-02
4.033999999999999808e-01     4.978500000000000369e+00     1.000000000000000000e+00     -1.334505432569590369e+02     5.426977018909209804e-02
3.673000000000000154e-01     2.615000000000000102e-01     1.000000000000000000e+00     -1.970521490995545832e+02     5.139125058574469523e-02
4.583999999999999742e-01     1.559900000000000064e+00     1.000000000000000000e+00     -8.479993015967664860e+01     5.259794809411377781e-02
3.284000000000000252e-01     3.378400000000000070e+00     1.000000000000000000e+00     -1.907231144496317654e+02     5.302332603422982293e-02
2.960999999999999743e-01     2.036999999999999922e+00     1.000000000000000000e+00     -2.426648969794333084e+02     5.531148850624814650e-02
4.056000000000000161e-01     4.752200000000000202e+00     1.000000000000000000e+00     -1.307906673279889560e+02     5.408263367757563250e-02
3.639999999999999902e-01     5.461800000000000210e+00     1.000000000000000000e+00     -1.604607098338112223e+02     5.211911845159035439e-02
4.418000000000000260e-01     6.064000000000000501e-01     1.000000000000000000e+00     -1.016008876848608935e+02     4.956032408685269453e-02
4.116000000000000214e-01     7.006000000000000005e-01     1.000000000000000000e+00     -1.228380384899762561e+02     4.906496264041008970e-02
3.956000000000000072e-01     4.352599999999999802e+00     1.000000000000000000e+00     -1.338546923305498524e+02     5.281327350616368821e-02
4.894999999999999907e-01     1.983100000000000085e+00     1.000000000000000000e+00     -7.065083515638893630e+01     6.444126785910954391e-02
3.935000000000000164e-01     5.694499999999999673e+00     -1.000000000000000000e+00     -1.433320808023696600e+02     5.450001051307550720e-02
2.988999999999999990e-01     2.107699999999999907e+00     -1.000000000000000000e+00     -2.374524301265672932e+02     5.505576495994008585e-02
3.562000000000000166e-01     2.446600000000000108e+00     -1.000000000000000000e+00     -1.598353294238293643e+02     4.996602810856148880e-02
4.314999999999999947e-01     5.397000000000000242e+00     -1.000000000000000000e+00     -1.237942276100467751e+02     5.790707917057044685e-02
3.131999999999999784e-01     1.984099999999999975e+00     -1.000000000000000000e+00     -2.172410467917482606e+02     5.365600667002075330e-02
4.350999999999999868e-01     2.568299999999999805e+00     -1.000000000000000000e+00     -1.015739415458700563e+02     5.290142938827563368e-02
4.127000000000000113e-01     5.500000000000000028e-02     -1.000000000000000000e+00     -1.964530196941751683e+02     5.355007651861289075e-02
3.474999999999999756e-01     2.312300000000000022e+00     -1.000000000000000000e+00     -1.697572497431633849e+02     5.050314802200906589e-02
3.904000000000000248e-01     5.476399999999999935e+00     -1.000000000000000000e+00     -1.435641032604085012e+02     5.400448834314276747e-02
4.845999999999999752e-01     9.534000000000000252e-01     -1.000000000000000000e+00     -7.067757814615401912e+01     5.388354442228641267e-02
4.799999999999999822e-01     2.231399999999999828e+00     -1.000000000000000000e+00     -7.676042509291912097e+01     6.068066007948754587e-02
3.457000000000000073e-01     9.033999999999999808e-01     -1.000000000000000000e+00     -1.892341427272307612e+02     5.245862846232967475e-02
4.934999999999999942e-01     3.648699999999999832e+00     -1.000000000000000000e+00     -8.336538588403061567e+01     7.074024846108138698e-02
3.879000000000000226e-01     7.891000000000000236e-01     -1.000000000000000000e+00     -1.422759783862698271e+02     4.884976980400331653e-02
4.471999999999999864e-01     3.394899999999999807e+00     -1.000000000000000000e+00     -1.006500517256135367e+02     5.610550868299170324e-02
4.914999999999999925e-01     3.592799999999999994e+00     -1.000000000000000000e+00     -8.369034076487093898e+01     6.999228733699214278e-02
2.842999999999999972e-01     4.865800000000000125e+00     -1.000000000000000000e+00     -2.504982869656516868e+02     5.530784835997821364e-02
3.331000000000000072e-01     5.006800000000000139e+00     -1.000000000000000000e+00     -1.857606599110845309e+02     5.276121924759041154e-02
3.799000000000000155e-01     4.911200000000000010e+00     -1.000000000000000000e+00     -1.465755425021328051e+02     5.273177228425436625e-02
3.982999999999999874e-01     1.803700000000000081e+00     -1.000000000000000000e+00     -1.239157468475915636e+02     4.900669668625171754e-02
4.072999999999999954e-01     5.517199999999999882e+00     -1.000000000000000000e+00     -1.352307158072088953e+02     5.551574121650362098e-02
3.242999999999999772e-01     4.953199999999999825e+00     -1.000000000000000000e+00     -1.961274549958198463e+02     5.315509779427653181e-02
4.371999999999999775e-01     4.088999999999999857e-01     -1.000000000000000000e+00     -1.116462183106021939e+02     4.859462587035204978e-02
3.920000000000000151e-01     2.464199999999999946e+00     -1.000000000000000000e+00     -1.287917939174175217e+02     5.031926069222830006e-02
3.438999999999999835e-01     4.046400000000000219e+00     -1.000000000000000000e+00     -1.727017357079984095e+02     5.184338528947268765e-02
3.711999999999999744e-01     2.182900000000000063e+00     -1.000000000000000000e+00     -1.459481077944847698e+02     5.009897952158539475e-02
4.731000000000000205e-01     4.423700000000000188e+00     -1.000000000000000000e+00     -9.908508083210948314e+01     6.616671833845730322e-02
3.264000000000000234e-01     4.826100000000000279e+00     -1.000000000000000000e+00     -1.934077178239457169e+02     5.191935757580823374e-02
3.018000000000000127e-01     5.740199999999999747e+00     -1.000000000000000000e+00     -2.274678311246701412e+02     5.544674031546056869e-02
4.229999999999999871e-01     5.511000000000000343e-01     -1.000000000000000000e+00     -1.174517721146550002e+02     4.816391122673615438e-02
3.195000000000000062e-01     5.936600000000000321e+00     -1.000000000000000000e+00     -2.037892711453821448e+02     5.276133476991240467e-02
3.084000000000000075e-01     4.565999999999999837e+00     -1.000000000000000000e+00     -2.173695239035886004e+02     5.502868038773853221e-02
4.814999999999999836e-01     1.433899999999999952e+00     -1.000000000000000000e+00     -7.220732209897559528e+01     5.778997376117619988e-02
4.502999999999999781e-01     4.075599999999999667e+00     -1.000000000000000000e+00     -1.048545319761503691e+02     5.767302005017906769e-02
