# epsilon      dG      uncertainty)
1.441500000000000004e+00     9.201295616128181365e+00     3.614283543075490907e-02
5.638300000000000090e+00     -2.677822594189875005e+01     4.874831234908996724e-02
5.930699999999999861e+00     -2.945876486086250878e+01     4.955490436106679136e-02
2.764299999999999979e+00     -1.113036416250484661e+00     4.091897096323287436e-02
2.442400000000000126e+00     1.630119953079989248e+00     3.992185696185539256e-02
2.540200000000000014e+00     7.450023117045821985e-01     4.018564281805267480e-02
3.115499999999999936e+00     -4.045533072988194867e+00     4.207611103652001555e-02
4.540399999999999991e+00     -1.657036528782512619e+01     4.580985835181668187e-02
3.669099999999999806e+00     -8.840956567291781809e+00     4.353302102045500388e-02
2.454899999999999860e+00     1.544636750012156723e+00     3.998550727829551510e-02
1.963500000000000023e+00     5.263417255423965990e+00     3.808140861935247617e-02
2.601300000000000168e+00     2.674527997283856484e-01     4.043192452445316942e-02
4.893799999999999706e+00     -1.985098025030814739e+01     4.671471979433734073e-02
1.508599999999999941e+00     8.679104423339694563e+00     3.637933125995163747e-02
4.745599999999999596e+00     -1.848161493394918509e+01     4.631022749456627230e-02
2.476599999999999913e+00     1.300323113721326918e+00     3.998192484819929060e-02
4.591099999999999959e+00     -1.707514908945196197e+01     4.596147179347124384e-02
4.294200000000000017e+00     -1.444268400318166456e+01     4.506391407458602838e-02
4.182100000000000151e+00     -1.340530354577291838e+01     4.486879875430393322e-02
4.203999999999999737e+00     -1.363440569186456131e+01     4.488993883907083093e-02
4.335600000000000342e+00     -1.479620751925831534e+01     4.521439634565149052e-02
4.321200000000000152e+00     -1.473327584491922870e+01     4.511782524968006858e-02
4.427900000000000169e+00     -1.565237663763715226e+01     4.542980845574656756e-02
5.838599999999999568e+00     -2.868593939580815544e+01     4.926968148231061773e-02
2.846900000000000208e+00     -1.806994179376709697e+00     4.117634302501983756e-02
2.057300000000000129e+00     4.647512062169579572e+00     3.852253886750161421e-02
3.141199999999999992e+00     -4.197430406773718481e+00     4.217634485432280450e-02
1.666600000000000081e+00     7.477208912394062601e+00     3.697592557454989354e-02
2.803799999999999848e+00     -1.344630988974675478e+00     4.114602524877134654e-02
4.782000000000000028e+00     -1.877784676175737744e+01     4.645016916573675714e-02
2.864100000000000090e+00     -1.999267589247974986e+00     4.119019258772772113e-02
4.103699999999999903e+00     -1.268051542177687097e+01     4.466868850873566277e-02
1.477200000000000069e+00     8.920650889368641145e+00     3.625887146535738265e-02
1.726299999999999946e+00     7.122443428904739804e+00     3.724181323807997795e-02
3.582300000000000040e+00     -8.045329324037460594e+00     4.331605764492953148e-02
3.625199999999999978e+00     -8.313618684330174702e+00     4.352725668113933966e-02
4.980500000000000149e+00     -2.066408146980424121e+01     4.693177793238653694e-02
1.566699999999999982e+00     8.330357511259531833e+00     3.667355426200730878e-02
1.189599999999999991e+00     1.069444249676221581e+01     3.475942412707957313e-02
3.159100000000000019e+00     -4.407470186623123176e+00     4.213449641066505102e-02
4.357300000000000395e+00     -1.494110399801935962e+01     4.529786791349458414e-02
3.789600000000000080e+00     -9.859194307255624068e+00     4.384283810191594993e-02
5.117499999999999716e+00     -2.195146385942974376e+01     4.731185059102064466e-02
4.054400000000000226e+00     -1.220196255676598796e+01     4.455745772200242483e-02
3.475600000000000023e+00     -7.201702843000125753e+00     4.298597483650280771e-02
1.417300000000000004e+00     9.272576107916034260e+00     3.593644326790181726e-02
4.759299999999999642e+00     -1.853236407782015860e+01     4.638620732477697489e-02
2.592200000000000060e+00     4.335225615892619455e-01     4.049945835835319641e-02
1.937899999999999956e+00     5.515800106225843713e+00     3.804357628194444951e-02
2.385899999999999910e+00     2.070029198015407967e+00     3.971199806205513022e-02
1.159999999999999920e+00     1.089081106501388163e+01     3.460050784273167868e-02
5.408999999999999808e+00     -2.465021896462566531e+01     4.810255063177064361e-02
3.799999999999999822e+00     -9.973258189325525436e+00     4.390588122187251419e-02
2.940100000000000158e+00     -2.536525005693304191e+00     4.153105041284225335e-02
3.683800000000000185e+00     -8.971876445209851170e+00     4.357566250998778923e-02
4.001500000000000057e+00     -1.176673904602538911e+01     4.438064167583205544e-02
5.453700000000000436e+00     -2.503870128894798697e+01     4.825591320289315811e-02
5.225399999999999601e+00     -2.293990660278777582e+01     4.757314271061970773e-02
5.821200000000000152e+00     -2.856316992619747808e+01     4.920488025833913426e-02
1.610899999999999999e+00     7.892319806449266117e+00     3.672366016168744640e-02
3.954400000000000137e+00     -1.125168539041368376e+01     4.437516462958027152e-02
4.422200000000000131e+00     -1.552084897461129920e+01     4.548816158687208483e-02
2.516900000000000137e+00     9.886088960436341111e-01     4.010900804439295614e-02
4.606799999999999784e+00     -1.726251216817577117e+01     4.593145373592927294e-02
2.371500000000000163e+00     2.145960190305115312e+00     3.964875005446673317e-02
2.693999999999999950e+00     -4.806379153811961569e-01     4.074805084979055830e-02
5.505899999999999572e+00     -2.554892799826444971e+01     4.837667455665051186e-02
1.007500000000000062e+00     1.189046364219916896e+01     3.389454749906904707e-02
1.053199999999999914e+00     1.157868441190830922e+01     3.408729422963181765e-02
4.926000000000000156e+00     -2.021145706037026812e+01     4.676908232321104475e-02
5.278200000000000003e+00     -2.346676544458322411e+01     4.771704839937623149e-02
5.495099999999999874e+00     -2.547006199941317917e+01     4.825512928070876950e-02
3.992900000000000116e+00     -1.166931969020907189e+01     4.437752260841681951e-02
5.962399999999999700e+00     -2.993961895880174851e+01     4.956027279236283056e-02
5.373099999999999987e+00     -2.438292802558522965e+01     4.790308106971999380e-02
5.184199999999999697e+00     -2.252823578550082573e+01     4.752760668579960462e-02
4.519199999999999662e+00     -1.639780076435415879e+01     4.573262665603804178e-02
4.031699999999999839e+00     -1.205944389388459115e+01     4.443995157454757455e-02
3.731399999999999828e+00     -9.399337445388169954e+00     4.368224504538551628e-02
2.417699999999999960e+00     1.819019579645064555e+00     3.985668849458504082e-02
2.719700000000000006e+00     -6.550078416258899860e-01     4.084223594872718466e-02
3.751199999999999868e+00     -9.496880151311346552e+00     4.381638913618084857e-02
3.706500000000000128e+00     -9.118087726956973782e+00     4.363786414540979375e-02
1.695400000000000018e+00     7.280661377521129296e+00     3.708512533714280329e-02
2.565199999999999925e+00     6.705554207916870624e-01     4.037178117563319790e-02
5.624699999999999811e+00     -2.678259330309884945e+01     4.862302412002905000e-02
3.467499999999999805e+00     -7.046314190460404525e+00     4.302074463413656236e-02
4.678099999999999703e+00     -1.786645146532951500e+01     4.613749543755205074e-02
1.307800000000000074e+00     1.002043657995533188e+01     3.542003000902821386e-02
4.951800000000000423e+00     -2.035499424714541661e+01     4.687559396177273796e-02
1.248199999999999976e+00     1.041445600002418281e+01     3.511905682075161517e-02
1.100899999999999990e+00     1.132765910946567800e+01     3.436765002261841367e-02
1.210299999999999931e+00     1.061757357366713350e+01     3.491656059695209813e-02
5.202099999999999724e+00     -2.276645064625258286e+01     4.747231017925179070e-02
2.183100000000000041e+00     3.706603827086228264e+00     3.902905618866827492e-02
2.298900000000000166e+00     2.801353109243736927e+00     3.945005118882435186e-02
1.887499999999999956e+00     5.903653281826752419e+00     3.787241012495884407e-02
3.393699999999999939e+00     -6.449872894973419868e+00     4.278707249384927636e-02
2.257400000000000073e+00     3.043084322010304987e+00     3.923178241274164618e-02
3.058399999999999785e+00     -3.578817306239606921e+00     4.181614652661676951e-02
2.080299999999999816e+00     4.480907893817606791e+00     3.864330132137453605e-02
1.979999999999999982e+00     5.257960621953268188e+00     3.827355850772541646e-02
3.946400000000000130e+00     -1.134820590885369285e+01     4.420606596955798523e-02
5.855999999999999872e+00     -2.890772140840230264e+01     4.927097336875654182e-02
5.716899999999999871e+00     -2.755631131224581765e+01     4.891472354212721835e-02
5.539799999999999613e+00     -2.595006889291022034e+01     4.837468922884528150e-02
3.192400000000000126e+00     -4.717155480856825456e+00     4.221396245729376606e-02
2.029199999999999893e+00     4.793086245527524270e+00     3.835356021021926742e-02
4.478399999999999714e+00     -1.610628447962114507e+01     4.559281900599924248e-02
5.564700000000000202e+00     -2.604504236859456157e+01     4.855078538886348910e-02
4.906500000000000306e+00     -2.002246278895848164e+01     4.668897322120255794e-02
3.569199999999999928e+00     -7.948191359760472530e+00     4.332059506640045105e-02
5.250300000000000189e+00     -2.319153232947738275e+01     4.766633557302898255e-02
1.863899999999999890e+00     6.096592755899617799e+00     3.782161960588300426e-02
2.775900000000000034e+00     -1.222062817396697199e+00     4.092799049261183070e-02
5.325899999999999856e+00     -2.374681491902998687e+01     4.800745940918129534e-02
1.276299999999999990e+00     1.022462812421814249e+01     3.526556523051367631e-02
2.165900000000000158e+00     3.804552328377181158e+00     3.892893756257512911e-02
3.243799999999999795e+00     -4.937055886379386749e+00     4.258253518490734413e-02
1.268899999999999917e+00     1.020782407896599153e+01     3.519630154215729750e-02
4.656600000000000072e+00     -1.776965096049108439e+01     4.599675480194727328e-02
1.377000000000000002e+00     9.611209600196600533e+00     3.580104691495668290e-02
3.212200000000000166e+00     -4.889659558517457150e+00     4.227984570810742332e-02
2.730799999999999894e+00     -8.119811540016196316e-01     4.085976143165083452e-02
5.787700000000000067e+00     -2.827885691274854807e+01     4.910238055851375710e-02
4.469800000000000217e+00     -1.604184060737679118e+01     4.553980101051428864e-02
1.371699999999999919e+00     9.547346960242556690e+00     3.567538264470376114e-02
1.902800000000000047e+00     5.802380378956729423e+00     3.792655353797584616e-02
3.416300000000000114e+00     -6.630123990497716946e+00     4.287501040820256015e-02
3.443900000000000183e+00     -6.872715090296368068e+00     4.298899343855145522e-02
2.634700000000000042e+00     7.430665596609895007e-02     4.060686939695701270e-02
1.451899999999999968e+00     9.017256138221400263e+00     3.607195658343224920e-02
5.680399999999999672e+00     -2.719174716523829005e+01     4.878155209020900579e-02
4.143900000000000361e+00     -1.308218607934975175e+01     4.469811211866214773e-02
3.333699999999999886e+00     -5.815208507117850090e+00     4.272287200840244742e-02
2.325000000000000178e+00     2.491914087276343004e+00     3.942776117557411641e-02
1.098500000000000032e+00     1.135451095102163421e+01     3.438364696585032715e-02
5.030899999999999928e+00     -2.111527572261689656e+01     4.712337185966582881e-02
4.862199999999999633e+00     -1.965534269401970136e+01     4.656111317507689862e-02
4.706900000000000084e+00     -1.810296087609561155e+01     4.624719035273158751e-02
3.255999999999999783e+00     -5.251388335337778379e+00     4.242060799504217272e-02
2.219399999999999817e+00     3.342354925644156705e+00     3.909055471430800816e-02
5.006300000000000416e+00     -2.097509216846143687e+01     4.692978999063397022e-02
1.842899999999999983e+00     6.243750267758557015e+00     3.768511509529284126e-02
2.973899999999999988e+00     -2.842578300163267624e+00     4.158802997064803969e-02
1.532100000000000017e+00     8.498434705805694378e+00     3.645621600399941847e-02
3.314799999999999969e+00     -5.764433108555285123e+00     4.256585634659140749e-02
4.821600000000000108e+00     -1.922213152817311865e+01     4.651387127863328141e-02
3.523899999999999810e+00     -7.612693555280793056e+00     4.309473378822978318e-02
2.019499999999999851e+00     4.898871377123176885e+00     3.838302886515142925e-02
4.844100000000000072e+00     -1.941866199543879645e+01     4.654422021973535217e-02
5.427500000000000213e+00     -2.473262386357694353e+01     4.814230065837984962e-02
2.233999999999999986e+00     3.268349810792448018e+00     3.914275717505034252e-02
1.596600000000000019e+00     8.023958958932722041e+00     3.675927568715463278e-02
3.528799999999999937e+00     -7.557447019551516654e+00     4.317843176002542083e-02
4.093899999999999650e+00     -1.259282486283871805e+01     4.461867990386958471e-02
3.882400000000000073e+00     -1.077594797489340550e+01     4.402820180999646171e-02
1.709500000000000020e+00     7.257351540444507698e+00     3.721013602623585159e-02
5.588700000000000223e+00     -2.637485406960210810e+01     4.858441649561118930e-02
1.808799999999999963e+00     6.570932467148244527e+00     3.761874367801143482e-02
5.383399999999999963e+00     -2.439216102260192898e+01     4.803560673713616613e-02
1.143399999999999972e+00     1.101754890694216549e+01     3.453368448438272342e-02
4.565100000000000158e+00     -1.683393655065829719e+01     4.581118207172333451e-02
5.303200000000000358e+00     -2.367568301877256687e+01     4.780275093760339572e-02
1.754099999999999993e+00     6.956300242510299547e+00     3.737854607453190703e-02
2.901800000000000157e+00     -2.233333941629360719e+00     4.138858644404616594e-02
1.041900000000000048e+00     1.163585820523728565e+01     3.404449594200350399e-02
5.076900000000000190e+00     -2.158171482843846789e+01     4.719171364373875993e-02
2.107299999999999951e+00     4.206847079967499958e+00     3.864504561757224621e-02
5.908500000000000085e+00     -2.940368997781521188e+01     4.937279956413833520e-02
3.861400000000000166e+00     -1.048722305399872035e+01     4.405179203478708921e-02
2.141799999999999926e+00     3.971753559833202996e+00     3.884230952573594631e-02
3.848700000000000010e+00     -1.048365804118497735e+01     4.393659505959356809e-02
3.352399999999999824e+00     -6.103852714838070348e+00     4.266725397060133068e-02
5.155000000000000249e+00     -2.226487112159817983e+01     4.746047695916093961e-02
4.239099999999999646e+00     -1.388391341716871885e+01     4.504350178739185279e-02
3.624200000000000088e+00     -8.449595696242512943e+00     4.341123940311943097e-02
2.340700000000000003e+00     2.308026646360197720e+00     3.946107934763527780e-02
2.877699999999999925e+00     -2.021614001807016781e+00     4.133393610100778715e-02
3.087600000000000122e+00     -3.810719061980983202e+00     4.194276727929866638e-02
5.653500000000000192e+00     -2.694229324647324120e+01     4.871931700192418807e-02
4.397499999999999964e+00     -1.532131597029605530e+01     4.538875622180068431e-02
3.006200000000000205e+00     -3.117855987678010088e+00     4.171700541364241344e-02
5.127100000000000435e+00     -2.201407104409489435e+01     4.730874908718703253e-02
1.337800000000000100e+00     9.819630247654400179e+00     3.556139643764212599e-02
4.626199999999999868e+00     -1.740671929422656916e+01     4.600729528761667020e-02
5.742799999999999905e+00     -2.778984921983976975e+01     4.897137183729543403e-02
5.762800000000000367e+00     -2.794666552906938151e+01     4.904915717305346340e-02
1.647999999999999909e+00     7.688087749232702883e+00     3.693394346822333890e-02
2.978099999999999969e+00     -2.887584009080693015e+00     4.163772197410265524e-02
1.796200000000000019e+00     6.586687686395237051e+00     3.752508846598489461e-02
5.069700000000000095e+00     -2.147210638509537972e+01     4.720313749514012946e-02
3.901299999999999990e+00     -1.086418601050331212e+01     4.414907552531408680e-02
4.150100000000000122e+00     -1.314755119816862639e+01     4.470742043739524968e-02
3.285200000000000120e+00     -5.474671876797346570e+00     4.254722746927099009e-02
5.978200000000000180e+00     -3.009228705571806373e+01     4.959658450980519023e-02
5.894899999999999807e+00     -2.920537098803713150e+01     4.939269782177607704e-02
3.046600000000000197e+00     -3.432364492645666232e+00     4.183590653856635033e-02
4.250499999999999723e+00     -1.402126211736911365e+01     4.498441303695017990e-02
2.660299999999999887e+00     -2.345855914940659925e-01     4.059698608734742253e-02
