# epsilon      dG      uncertainty)
5.201100000000000279e+00     -2.131928548412592761e+01     3.882967347837038008e-02
1.269500000000000073e+00     5.450598973717629470e+00     2.753997148211730084e-02
1.964699999999999891e+00     1.424329120358813316e+00     3.030988767359877462e-02
5.813600000000000101e+00     -2.600763348287398102e+01     4.004772580157082290e-02
1.293299999999999894e+00     5.306444552363878131e+00     2.763664916222363307e-02
2.516799999999999926e+00     -2.207002336312039237e+00     3.204510996936957984e-02
5.312199999999999811e+00     -2.215389302394588000e+01     3.904874245498086288e-02
9.415999999999999925e-01     7.095329720481862168e+00     2.590561294700696390e-02
3.953699999999999992e+00     -1.212909144953577822e+01     3.596228444108575534e-02
4.183500000000000441e+00     -1.382492251885788725e+01     3.647443565208804972e-02
4.049699999999999633e+00     -1.283025141332408303e+01     3.618690889923735499e-02
1.851199999999999957e+00     2.151960881223891064e+00     2.999208107230929427e-02
2.740099999999999980e+00     -3.651336423958815747e+00     3.224047594748907092e-02
8.924999999999999600e-01     7.260782066556948244e+00     2.558986100556244134e-02
3.996399999999999952e+00     -1.251245551061110284e+01     3.596139614580942667e-02
4.692300000000000360e+00     -1.754859270381590974e+01     3.765446859436866883e-02
1.657100000000000017e+00     3.224963770243826744e+00     2.911090438742798894e-02
3.391599999999999948e+00     -8.154678932195640328e+00     3.448714116009908570e-02
3.488799999999999901e+00     -8.827863298699703876e+00     3.479353820340492370e-02
4.974300000000000388e+00     -1.964673510379248000e+01     3.831040281485038196e-02
5.406699999999999839e+00     -2.287786465981272599e+01     3.924531507198203428e-02
2.711800000000000210e+00     -3.507190684557838889e+00     3.263849065070624500e-02
2.998200000000000198e+00     -5.375219212834255522e+00     3.349791150952264457e-02
1.405299999999999994e+00     4.754845507788511227e+00     2.819196599058047814e-02
5.267000000000000348e+00     -2.177362232486812132e+01     3.899733038130059198e-02
4.590399999999999814e+00     -1.680277715864305677e+01     3.739571560595783550e-02
3.988700000000000134e+00     -1.232726188752597807e+01     3.608327722788313291e-02
7.116999999999999993e-01     7.970582543644243678e+00     2.438428225415318132e-02
2.821699999999999875e+00     -4.203643648324296933e+00     3.295404585349995946e-02
3.007400000000000073e+00     -5.466531448392365711e+00     3.351605487255406024e-02
2.903399999999999981e+00     -4.806540318328812234e+00     3.313286832935683629e-02
3.156499999999999861e+00     -6.451042096874207488e+00     3.396353821040502124e-02
3.095899999999999874e+00     -6.122548305330659524e+00     3.370742423198991311e-02
2.599499999999999922e+00     -2.726321985085955468e+00     3.233207208348922584e-02
4.480100000000000193e+00     -1.593975987555757357e+01     3.721417152538562811e-02
3.069199999999999928e+00     -5.952630709328103009e+00     3.363089440959182719e-02
4.710300000000000153e+00     -1.766063798381027183e+01     3.771542460222707116e-02
3.588200000000000056e+00     -9.515813655594280718e+00     3.506623304324707480e-02
5.571799999999999642e+00     -2.415986802981167259e+01     3.953943197902496515e-02
4.188100000000000378e+00     -1.381084080451123874e+01     3.656948823662501541e-02
5.363999999999999879e-01     8.460275326884969971e+00     2.300596126850237497e-02
2.661599999999999966e+00     -3.170842526743343104e+00     3.247498406253810505e-02
4.339500000000000135e+00     -1.497055953616440505e+01     3.685700564362085624e-02
4.493900000000000006e+00     -1.614904187631807275e+01     3.712982924948633051e-02
5.732899999999999885e+00     -2.533667136480291049e+01     3.994536896140943316e-02
6.640000000000000346e-01     8.150114652230737278e+00     2.405135298628547844e-02
5.477500000000000036e+00     -2.336189537471002708e+01     3.946868884337653705e-02
4.214900000000000091e+00     -1.397468531563928806e+01     3.662046746506653072e-02
9.322000000000000286e-01     7.110771541792671790e+00     2.582447521668225152e-02
5.886599999999999611e+00     -2.657050204075348532e+01     4.020876666210359413e-02
5.909099999999999575e+00     -2.668196234300939551e+01     4.030337099859761935e-02
2.923200000000000021e+00     -4.926859905182669586e+00     3.321508902279258352e-02
4.567999999999999616e+00     -1.658815003057175019e+01     3.744788719978870556e-02
5.555399999999999672e+00     -2.403505336822132676e+01     3.952838711487556556e-02
7.584999999999999520e-01     7.779482629579392849e+00     2.466346814386080263e-02
5.995000000000000329e-01     8.266309559357663872e+00     2.348187311069831890e-02
4.107000000000000206e+00     -1.330826961720975099e+01     3.625746176195591280e-02
1.438499999999999890e+00     4.514955975162870061e+00     2.827709313031223637e-02
2.130900000000000016e+00     3.328298038557946370e-01     3.084832308580175847e-02
1.304000000000000048e+00     5.251410968214456076e+00     2.767436690059951049e-02
1.234099999999999975e+00     5.632801378483260457e+00     2.737921120997138455e-02
5.610100000000000087e+00     -2.440866933683759399e+01     3.973929278497320694e-02
4.644800000000000040e+00     -1.718496650587144359e+01     3.757238954986263230e-02
6.231999999999999762e-01     8.262497087144552665e+00     2.374260993510670867e-02
4.767800000000000260e+00     -1.803108541739993598e+01     3.788947759536266668e-02
1.529099999999999904e+00     3.996711761500492344e+00     2.864103503847614807e-02
1.331900000000000084e+00     5.100149747687146018e+00     2.782306364508321112e-02
3.297699999999999854e+00     -7.455073062130058048e+00     3.431983379052912231e-02
3.694100000000000161e+00     -1.032120103200420758e+01     3.524686872502890561e-02
1.483500000000000041e+00     4.268011505688278362e+00     2.851922562043248191e-02
4.900100000000000122e+00     -1.909225794510277296e+01     3.814513496821656663e-02
8.587000000000000188e-01     7.430857014259771631e+00     2.538048886683063818e-02
2.045599999999999863e+00     8.589204659015677867e-01     3.027028652341850687e-02
5.144999999999999574e-01     8.554680694515468531e+00     2.285895522037794184e-02
5.052900000000000169e+00     -2.018661750155123968e+01     3.852677422725580419e-02
2.033999999999999808e+00     9.208776809878285174e-01     3.047613032240385419e-02
1.827299999999999924e+00     2.185820258753025325e+00     2.885226350922047781e-02
5.461100000000000065e+00     -2.330165592565575139e+01     3.934653091567340277e-02
1.584500000000000020e+00     3.691359946378982126e+00     2.890830045063092282e-02
8.035999999999999810e-01     7.661576101435314534e+00     2.506524762785988444e-02
3.178100000000000147e+00     -6.643486259983875541e+00     3.398477498425507559e-02
4.670300000000000118e+00     -1.731857138456672374e+01     3.767746299724286652e-02
2.969700000000000006e+00     -5.218117925819695024e+00     3.339356687426198178e-02
2.401899999999999924e+00     -1.368081503571101809e+00     3.176499399824046083e-02
4.100699999999999790e+00     -1.326861239878717491e+01     3.620687809216389247e-02
5.111399999999999721e+00     -2.070963386937788542e+01     3.859699164025887780e-02
4.541599999999999859e+00     -1.635234095196197401e+01     3.740307116634255385e-02
4.876100000000000101e+00     -1.891570550325353750e+01     3.809270774919573666e-02
1.037099999999999911e+00     6.581572570499163000e+00     2.633045915077920213e-02
2.576200000000000045e+00     -2.501954153599232011e+00     3.233219363890574988e-02
4.145400000000000418e+00     -1.356751271341385845e+01     3.635410719842433608e-02
1.895100000000000007e+00     1.811744850812448515e+00     3.004923821695449498e-02
4.752399999999999736e+00     -1.804683285455205777e+01     3.774858160829784592e-02
5.140299999999999869e+00     -2.088956392130426210e+01     3.867553221449663431e-02
3.778500000000000192e+00     -1.089325641459111793e+01     3.550091291177349950e-02
2.473700000000000010e+00     -1.932693634558119156e+00     3.188855400258610445e-02
4.280000000000000249e+00     -1.457351301371319074e+01     3.669144102830000642e-02
5.676400000000000112e+00     -2.496040003211003011e+01     3.977574655379205459e-02
1.734699999999999909e+00     2.823096595600195879e+00     2.950089414048907496e-02
1.692099999999999937e+00     3.084747042584957022e+00     2.934474708977149321e-02
3.503600000000000048e+00     -8.931035475923309264e+00     3.480056701563171567e-02
4.928300000000000125e+00     -1.934387640538839648e+01     3.816390343941444829e-02
4.039200000000000124e+00     -1.275565475340606802e+01     3.615236696096589541e-02
4.379299999999999748e+00     -1.522711184290839270e+01     3.694321133778034200e-02
2.785400000000000098e+00     -3.941086361671573446e+00     3.290898563854832704e-02
2.244699999999999918e+00     -4.177738895026933963e-01     3.120690814905496477e-02
3.891999999999999904e+00     -1.169082667651145968e+01     3.576844310433105467e-02
2.887199999999999989e+00     -4.724088762804861119e+00     3.310196899466522763e-02
2.322700000000000209e+00     -8.734772347941531789e-01     3.153169760370571478e-02
1.201500000000000012e+00     5.762684988678985043e+00     2.715928643769913858e-02
3.321400000000000130e+00     -7.650060667195404562e+00     3.435576925923219255e-02
2.170700000000000074e+00     6.905374299114008796e-02     3.060047664172694734e-02
1.092500000000000027e+00     6.315144626689654928e+00     2.665051112326596167e-02
3.040399999999999991e+00     -5.743400510510666024e+00     3.356426649053038946e-02
1.378300000000000081e+00     4.804019127660406063e+00     2.796055614414939827e-02
3.274799999999999933e+00     -7.321023068275426482e+00     3.425910078410045884e-02
2.076499999999999790e+00     6.382188143744998987e-01     3.062877233340157226e-02
1.495500000000000052e+00     4.151478733099319030e+00     2.845839523623045972e-02
8.020000000000000462e-01     7.622788693965543594e+00     2.464541266571325731e-02
2.859399999999999942e+00     -4.448428692454139188e+00     3.308532383227482526e-02
5.708999999999999631e+00     -2.517184361561646710e+01     3.980865439094255498e-02
7.465000000000000524e-01     7.836389727078331369e+00     2.461823621934835019e-02
5.167399999999999771e+00     -2.107848525998976896e+01     3.876877856328071054e-02
4.997300000000000075e+00     -1.977377159323293654e+01     3.841282250601406323e-02
3.687199999999999811e+00     -1.022731824620128194e+01     3.529703440573844081e-02
5.017400000000000304e+00     -1.999549041437123265e+01     3.836379136903236842e-02
3.850900000000000212e+00     -1.144796457118306954e+01     3.563744524978887385e-02
2.101599999999999913e+00     5.092763774493761497e-01     3.075034406825831804e-02
4.617300000000000182e+00     -1.692711242945200212e+01     3.755572628131162438e-02
2.349299999999999944e+00     -1.026439671416371713e+00     3.162432951236354012e-02
5.796999999999999709e+00     -2.582123108458208804e+01     4.010327323885429229e-02
2.491499999999999826e+00     -2.011056122878478458e+00     3.201380818349876256e-02
3.125900000000000123e+00     -6.290386059038512556e+00     3.384118144524243810e-02
2.190799999999999859e+00     -5.667753373171548897e-02     3.104327118385630940e-02
1.993000000000000105e+00     1.175970542942902375e+00     3.034937763175124190e-02
2.392500000000000071e+00     -1.343590642272548763e+00     3.170483368674959640e-02
5.075300000000000367e+00     -2.041275808673198711e+01     3.850222360736747784e-02
5.861299999999999955e+00     -2.641334114118431842e+01     4.010159040399178393e-02
2.551499999999999879e+00     -2.355986142047476140e+00     3.225387820672361711e-02
2.758999999999999897e+00     -3.839525262812110373e+00     3.272492794056674342e-02
1.063399999999999901e+00     6.527805701795535320e+00     2.625380021947251036e-02
3.362999999999999989e+00     -7.927068734299158592e+00     3.447375968132214419e-02
5.996199999999999974e+00     -2.738925095395085307e+01     4.042396350762905710e-02
3.617999999999999883e+00     -9.709514907621571211e+00     3.514596268204191187e-02
6.830000000000000515e-01     8.080740827104808233e+00     2.422481021003479798e-02
4.362400000000000055e+00     -1.511898775585738797e+01     3.692062802464979310e-02
1.741999999999999993e+00     2.730507974440107954e+00     2.904521265245633629e-02
5.349400000000000155e+00     -2.248847834557143699e+01     3.904459422490563769e-02
1.944800000000000084e+00     1.573485436576364860e+00     3.030501894012404412e-02
1.927000000000000046e+00     1.658794159165416726e+00     3.019152115943669196e-02
1.614000000000000101e+00     3.512163366510279161e+00     2.900214034129834639e-02
5.367700000000000138e+00     -2.269841037714839871e+01     3.900348477765096938e-02
1.640099999999999891e+00     3.391672568110307484e+00     2.913186737379587846e-02
9.789999999999999813e-01     6.895569798288910590e+00     2.607255581336824848e-02
5.938799999999999635e+00     -2.690246178609285366e+01     4.034411755120904941e-02
3.428599999999999870e+00     -8.385554525812146665e+00     3.463775356684587609e-02
4.817800000000000082e+00     -1.844226200204128929e+01     3.797900686067796905e-02
3.456599999999999895e+00     -8.583540463007501842e+00     3.470581481329023527e-02
4.416400000000000325e+00     -1.551135195752767792e+01     3.703418949304506519e-02
5.721000000000000529e-01     8.387095743740918152e+00     2.331147252820716179e-02
5.204100000000000392e+00     -2.133622108855197652e+01     3.883810584733532467e-02
1.782100000000000017e+00     2.511632704525354587e+00     2.963511813741572659e-02
3.759700000000000042e+00     -1.076539146886331011e+01     3.541982004161248893e-02
1.120000000000000107e+00     6.164868324123486509e+00     2.676133453551004029e-02
5.631099999999999994e+00     -2.454298401107013561e+01     3.979362431821497487e-02
5.520299999999999763e+00     -2.376456640904154582e+01     3.945946273562129375e-02
4.811600000000000321e+00     -1.840802571165728807e+01     3.800845811088256893e-02
1.164199999999999902e+00     5.988586590780396790e+00     2.702422210891700094e-02
3.558600000000000207e+00     -9.335364239577600642e+00     3.496743835946149181e-02
5.327399999999999913e+00     -2.224322743607348229e+01     3.910845955148493230e-02
3.806299999999999795e+00     -1.110097467489734768e+01     3.556275616202081435e-02
5.959900000000000198e+00     -2.710702184296083317e+01     4.036801898077197609e-02
4.858900000000000219e+00     -1.883383743806409782e+01     3.798762665261821297e-02
4.318599999999999994e+00     -1.481841751086625614e+01     3.679835126862141675e-02
4.454299999999999926e+00     -1.567691742407724753e+01     3.723936738562778903e-02
1.007500000000000062e+00     6.757294774171360707e+00     2.600909369030105986e-02
1.409499999999999975e+00     4.677323115439896206e+00     2.816390854664376289e-02
5.424000000000000377e+00     -2.304332357927190245e+01     3.926388181914237246e-02
2.314999999999999947e+00     -8.048435883019952053e-01     3.151244298025881324e-02
2.679399999999999782e+00     -3.222927416065791029e+00     3.264116231470401419e-02
1.546799999999999953e+00     3.891641976016487092e+00     2.873268007522164838e-02
3.915299999999999780e+00     -1.185821364127380839e+01     3.586193015690857661e-02
3.350699999999999790e+00     -7.888031695910524554e+00     3.440558509680581578e-02
3.742900000000000116e+00     -1.059647030617627017e+01     3.543013047037144730e-02
3.550199999999999800e+00     -9.217533330925109070e+00     3.498689966512009281e-02
3.243900000000000006e+00     -7.122478319950498182e+00     3.413006850047470286e-02
2.265200000000000102e+00     -5.437325521851245069e-01     3.126133772860462817e-02
2.217200000000000060e+00     -1.922124515079733920e-01     3.114912106889935681e-02
3.646799999999999820e+00     -9.942884421555543639e+00     3.517273745535123841e-02
3.195699999999999985e+00     -6.756736349977493283e+00     3.401751656036068605e-02
1.818699999999999983e+00     2.268252682215937011e+00     2.977977971070857807e-02
5.661699999999999733e+00     -2.489523567922853076e+01     3.969383717845304665e-02
4.247399999999999842e+00     -1.426747092898822444e+01     3.664620016405242819e-02
8.539999999999999813e-01     7.461858414654475524e+00     2.540556771391477148e-02
2.428900000000000059e+00     -1.560643863111078389e+00     3.182245950246170157e-02
2.622700000000000031e+00     -2.822085434358769351e+00     3.246648246945027516e-02
5.757900000000000240e+00     -2.551599674998664824e+01     4.003451768142849559e-02
3.868300000000000072e+00     -1.157141652888035743e+01     3.571165191983415033e-02
1.134500000000000064e+00     6.126197611353684458e+00     2.686013881642706005e-02
5.251800000000000246e+00     -2.170202477972580368e+01     3.892371716185154956e-02
